8.90474535327679   9.842038798576379
6.123950254015143   3.985727025999741
2.9687680396477445   1.3149572895357609
6.038668299092895   8.515238042666205
7.2768758502851565   6.062558207718585
3.1893430181809026   2.599892974869688
8.325790845916359   8.398864841479567
1.1123961783250704   7.3037733184235
6.873018066945932   1.991875439333171
2.4543420936728495   2.3243281955788335
8.016709967769774   6.394799961282215
6.9754520232292565   5.920141702516972
5.217410563644885   4.929456026799478
4.512067926762805   4.934167306050526
9.76240847892832   6.894138068503246
5.1682171605697995   5.591552723452926
5.155707965847759   5.3938624080386814
5.190829563144874   1.5891517137376256
3.1497930776343894   5.414932799086398
6.662837362576162   7.145746552463407
8.711675314479256   6.006032258489408
5.308289935849486   2.249908904781461
3.8255721603723436   1.9831198539417474
5.550813686228007   2.9563792552309045
2.485297964473615   2.079397079152704
2.2512137414181517   4.594183357410966
7.503653234458256   9.236241148136687
4.665068304918675   5.5496023774157575
1.415379680867296   1.706024307507148
8.179282463528462   9.184547737891478
8.75979852765995   9.85082610135795
6.731876174182565   9.42815565389013
7.196632545408207   8.545972906281937
8.742107226642041   3.0123565520009596
9.565295376638668   8.782430644207476
5.251191173831726   3.7913806251835043
8.368974460838192   8.293140033909445
2.2385985537105384   3.2018812165709694
2.203471137976227   1.7740371404573003
8.08739222946502   7.559511447973047
6.105893627072084   9.360335640511016
3.5618206481206447   1.5304624371652946
3.3613204721003367   2.059556471991164
4.426180055782787   7.37313231140171
2.0804445864395102   2.7976492595954934
9.272139570824317   6.863961245736194
7.559760637648646   7.4266858097195225
5.540251423718499   5.82347505721577
7.912361704576444   7.8537441314161605
5.696065972457535   2.1540429345133747
1.9313284567475584   3.0205147193644626
9.75166508135193   2.946528131440563
4.267190083423516   3.3597258689046137
7.472083341553342   3.6600324939669013
2.225157973762583   8.227447603552728
2.849563465117159   7.742721809880124
1.9257234730579746   1.4923323519088965
1.9421820795165332   8.321869243353913
2.3022076255497295   5.021123628763806
9.33860125403835   6.098190093882396
8.392161483333208   5.411335871700585
2.6506977790250867   2.2776047939887922
4.969861658880733   7.9964987166795565
6.786512102038783   5.520530947078983
8.100977276689843   3.3401230721736415
6.013028218375065   7.915414528292875
1.4447492177097065   6.20390022081
8.892200481654406   1.4076815356117867
7.73642687883626   1.5587810849382078
2.762621251235076   9.243474160808642
4.248415721611735   1.9453118653761095
5.544019484809952   5.657457632878435
1.3765901964720977   7.0379372442501165
5.584074866148986   2.0419184321435244
8.671698810510138   5.309433012590662
9.629162761483645   6.967281612284513
6.9264518221390325   2.8559385237928328
1.0168500186897982   3.3341966276179056
4.466959153639857   9.862759314840917
6.695428156460374   8.488966118438682
9.465877504273802   6.738762115751964
1.4674306729989472   8.888380035701356
4.383059695889548   7.83965815658704
4.089326467552686   5.219617512826937
5.272129156023131   2.832201860749732
6.295745195173626   1.3673369352218911
8.932145184823531   4.790275513538698
9.52641693281644   3.499461278159229
8.160192797156991   2.7240115504402387
8.85767214105473   9.888068108154274
6.2130547736444   4.2231836518012145
4.186790295314   5.5010056666677345
4.954131869561995   1.0139518846102733
1.5952921557408348   5.592431917325254
9.465903566941662   8.225985204272337
7.808230969942086   9.953769302045089
3.3412444054353188   1.2711547086917911
1.424100705108529   6.170094129577824
6.117238537058437   8.927598418768357
9.378548225834425   8.218301909770306