0.3 0.7
0.7 0.3 
-0.6 0.3
-0.2 -0.6 
0.6 0.18
-0.609 -0.93
0.114 -0.779
0.122 0.458 
-0.38 -0.431 
-0.688 0.1
0.216 -0.76 
-0.031 0.999
0.399 0.799 
-0.277 0.997 
0.695 -0.321 
-0.19 -0.286 
-0.998 -0.993 
-0.156 -0.54 
-0.697 0.2 
0.553 0.21 
0.53 -0.61 
0.83 -0.61 
-0.484 0.77
-0.561 -0.955 
-0.492 -0.616 
-0.972 -0.865 
0.321 0.681 
0.03 0.649 
0.041 -0.303 
-0.288 -0.308 
-0.876 -0.297 
-0.619 -0.617 
0.197 0.331 
-0.614 -0.49 
0.247 -0.225 
-0.051 0.851 
-0.593 0.506 
0.416 0.48 
0.527 0.0
-0.373 0.226 
0.333 -0.548 
-0.093 0.186 
-0.747 0.68 
0.963 -0.998 
0.104 -0.388 
-0.434 0.695 
-0.955 0.177 
-0.393 0.819 
0.911 0.308 
-0.186 0.258 
0.507 -0.779
0.041 -0.303 
-0.288 -0.308 
-0.876 -0.297 
-0.619 -0.617 
0.197 0.331 
-0.614 -0.49 
0.247 -0.225 
-0.051 0.851 
-0.593 0.506 
0.416 0.48 
0.527 0.0
-0.373 0.226 
0.333 -0.548 
-0.093 0.186 
-0.747 0.68 
0.963 -0.998 
0.104 -0.388 
-0.434 0.695 
-0.955 0.177 
-0.484 -0.561 
-0.955 -0.492 
-0.616 -0.972 
-0.865 0.321 
0.681 0.03 
0.649 0.041 
-0.303 -0.288 
-0.308 -0.876 
-0.297 -0.619 
-0.617 0.197 
0.331 0.5656
 -0.972 -0.865 
0.321 0.681 
0.03 0.649 
0.041 -0.303 
-0.288 -0.308 
-0.876 -0.297 
-0.619 -0.617 
0.197 0.331 
-0.614 -0.49 
0.247 -0.225 
-0.051 0.851 
-0.593 0.506 
0.416 0.48 
0.527 0.0
-0.373 0.226 
0.333 -0.548 
0.3 0.07
0.3 -0.6
0.7 -0.8
